4 4
0.982075 0.071785 2.465088 -0.058963 
0.050359 0.569982 1.295539 -1.400850 
-0.010418 -0.002277 0.688423 0.027939 
-0.127486 -0.026552 -3.966055 -0.014073 

4 1
0.219537 
-0.616772 
0.127600 
1.561372 

4 1
-0.129148 
0.151154 
-0.087208 
0.311577 

4 1
0.000000 
0.000000 
0.000000 
0.000000 

90 4
1.000000 0.000000 0.000000 0.000000 
-1.000000 0.000000 0.000000 0.000000 
0.000000 1.000000 0.000000 0.000000 
0.000000 0.000000 0.000000 1.000000 
0.000000 -1.000000 0.000000 0.000000 
0.000000 0.000000 0.000000 -1.000000 
0.162697 0.019108 0.986415 -0.012245 
0.164606 0.089465 0.964002 -0.188684 
0.152154 0.028177 0.987322 -0.035373 
0.141127 0.020548 0.989637 -0.016741 
0.142773 0.073248 0.975760 -0.148806 
0.078879 0.013751 0.996786 -0.002393 
0.079909 0.095570 0.970240 -0.207642 
0.079468 0.024873 0.996070 -0.030191 
0.078342 0.016879 0.996731 -0.010240 
0.079367 0.075553 0.981451 -0.157308 
0.053168 0.011342 0.998518 0.002502 
0.053852 0.102013 0.967501 -0.225022 
0.054129 0.023694 0.997850 -0.028353 
0.053612 0.015234 0.998420 -0.007210 
0.054347 0.077564 0.981992 -0.163466 
0.040325 0.010137 0.999123 0.004944 
0.040835 0.105188 0.965763 -0.233603 
0.041139 0.023085 0.998511 -0.027405 
0.040751 0.014375 0.999050 -0.005634 
0.041321 0.078590 0.982014 -0.166625 
0.036010 0.009732 0.999287 0.005764 
0.036462 0.106248 0.965123 -0.236471 
0.036406 0.014084 0.999225 -0.005101 
0.045816 0.010652 0.998885 0.003900 
0.046400 0.103834 0.966536 -0.229942 
0.046732 0.023348 0.998247 -0.027814 
0.046306 0.014746 0.998799 -0.006314 
0.046948 0.078149 0.982027 -0.165264 
0.062975 0.012261 0.997940 0.000636 
0.063792 0.099569 0.968663 -0.218424 
0.064305 0.024169 0.997213 -0.029093 
0.063841 0.015915 0.997797 -0.008463 
0.064700 0.076739 0.981848 -0.160932 
0.098674 0.015416 0.994984 -0.005701 
0.099949 0.091711 0.970962 -0.197058 
0.103015 0.025956 0.993830 -0.031884 
0.104193 0.018591 0.994293 -0.013407 
0.105485 0.073395 0.980183 -0.150754 
0.000000 -0.363850 0.176321 0.914617 
-0.164606 -0.089465 -0.964002 0.188684 
-0.079909 -0.095570 -0.970240 0.207642 
-0.099949 -0.091711 -0.970962 0.197058 
-0.053852 -0.102013 -0.967501 0.225022 
-0.063792 -0.099569 -0.968663 0.218424 
-0.040835 -0.105188 -0.965763 0.233603 
-0.046400 -0.103834 -0.966536 0.229942 
-0.036462 -0.106248 -0.965123 0.236471 
-0.041321 -0.078590 -0.982014 0.166625 
-0.054347 -0.077564 -0.981992 0.163466 
-0.046948 -0.078149 -0.982027 0.165264 
-0.079367 -0.075553 -0.981451 0.157308 
-0.064700 -0.076739 -0.981848 0.160932 
-0.142773 -0.073248 -0.975760 0.148806 
-0.105485 -0.073395 -0.980183 0.150754 
-0.317035 -0.087079 -0.927716 0.176775 
0.243737 0.030717 0.968607 -0.038064 
0.313946 0.023709 0.948976 -0.017890 
0.317035 0.087079 0.927716 -0.176775 
-0.152154 -0.028177 -0.987322 0.035373 
-0.243737 -0.030717 -0.968607 0.038064 
-0.079468 -0.024873 -0.996070 0.030191 
-0.103015 -0.025956 -0.993830 0.031884 
-0.054129 -0.023694 -0.997850 0.028353 
-0.064305 -0.024169 -0.997213 0.029093 
-0.041139 -0.023085 -0.998511 0.027405 
-0.046732 -0.023348 -0.998247 0.027814 
-0.162697 -0.019108 -0.986415 0.012245 
-0.078879 -0.013751 -0.996786 0.002393 
-0.098674 -0.015416 -0.994984 0.005701 
-0.053168 -0.011342 -0.998518 -0.002502 
-0.062975 -0.012261 -0.997940 -0.000636 
-0.040325 -0.010137 -0.999123 -0.004944 
-0.045816 -0.010652 -0.998885 -0.003900 
-0.036010 -0.009732 -0.999287 -0.005764 
-0.040751 -0.014375 -0.999050 0.005634 
-0.036406 -0.014084 -0.999225 0.005101 
-0.053612 -0.015234 -0.998420 0.007210 
-0.046306 -0.014746 -0.998799 0.006314 
-0.078342 -0.016879 -0.996731 0.010240 
-0.063841 -0.015915 -0.997797 0.008463 
-0.141127 -0.020548 -0.989637 0.016741 
-0.104193 -0.018591 -0.994293 0.013407 
0.000000 0.363850 -0.176321 -0.914617 
-0.313946 -0.023709 -0.948976 0.017890 

90 1
0.900000 
0.900000 
1.000000 
0.399877 
1.000000 
0.399877 
0.163799 
0.270903 
0.159865 
0.144847 
0.225213 
0.100191 
0.223937 
0.106077 
0.098540 
0.187494 
0.091526 
0.228469 
0.097840 
0.090129 
0.184531 
0.095055 
0.238617 
0.101554 
0.093571 
0.190886 
0.098855 
0.244663 
0.097368 
0.092435 
0.233160 
0.098824 
0.090965 
0.187008 
0.093292 
0.225205 
0.099591 
0.092076 
0.184214 
0.112943 
0.228527 
0.121004 
0.115378 
0.198656 
0.734364 
0.270903 
0.223937 
0.228527 
0.228469 
0.225205 
0.238617 
0.233160 
0.244663 
0.190886 
0.184531 
0.187008 
0.187494 
0.184214 
0.225213 
0.198656 
0.392103 
0.239842 
0.294515 
0.392103 
0.159865 
0.239842 
0.106077 
0.121004 
0.097840 
0.099591 
0.101554 
0.098824 
0.163799 
0.100191 
0.112943 
0.091526 
0.093292 
0.095055 
0.092435 
0.098855 
0.093571 
0.097368 
0.090129 
0.090965 
0.098540 
0.092076 
0.144847 
0.115378 
0.734364 
0.294515 

2 1
1.000000 
-1.000000 

2 1
1.047198 
1.047198 

1 1
0.104700 

1 1
-0.104700 

